{
  "advancedEditorSelectedIdentifier" : "ProjectBrowser",
  "openSceneRelativePaths" : [
    "Immersive.usda",
    "Sofa.usda",
    "Chair.usda",
    "Table.usda"
  ],
  "recentIdentifiers" : {
    "3641A78F-5336-474C-B6D7-D3293F120DD6" : [

    ],
    "5A22C122-48A7-470A-A935-ED0954A016E2" : [

    ],
    "AF09ED6F-1707-48FD-8720-65B998362C09" : [

    ],
    "D1712FDB-2B27-4966-BB4D-1570378D9F95" : [

    ]
  },
  "sceneCameraHistory" : {
    "3641A78F-5336-474C-B6D7-D3293F120DD6" : [
      {
        "date" : 765583423.776726,
        "title" : "Untitled",
        "transform" : [
          0.9988354,
          2.7965723e-09,
          0.04824908,
          0,
          0.005852266,
          0.9926168,
          -0.12115148,
          0,
          -0.047892895,
          0.12129269,
          0.99146074,
          0,
          -0.07733086,
          0.48226738,
          1.6934793,
          1
        ]
      },
      {
        "date" : 765583415.79843,
        "title" : "Untitled",
        "transform" : [
          0.9988354,
          2.7965723e-09,
          0.04824908,
          0,
          0.005852266,
          0.9926168,
          -0.12115148,
          0,
          -0.047892895,
          0.12129269,
          0.99146074,
          0,
          0.0044813454,
          1.0807195,
          1.6242185,
          1
        ]
      },
      {
        "date" : 765583410.261349,
        "title" : "Untitled",
        "transform" : [
          0.9988354,
          2.7965723e-09,
          0.04824908,
          0,
          0.005852266,
          0.9926168,
          -0.12115148,
          0,
          -0.047892895,
          0.12129269,
          0.99146074,
          0,
          0.27821207,
          0.52416193,
          1.705529,
          1
        ]
      },
      {
        "date" : 765583404.936375,
        "title" : "Untitled",
        "transform" : [
          0.9988354,
          2.7965723e-09,
          0.04824908,
          0,
          0.005852266,
          0.9926168,
          -0.12115148,
          0,
          -0.047892895,
          0.12129269,
          0.99146074,
          0,
          0.023452997,
          0.21297157,
          1.7312931,
          1
        ]
      },
      {
        "date" : 765583373.100814,
        "title" : "Untitled",
        "transform" : [
          0.9988354,
          2.7965723e-09,
          0.04824908,
          0,
          0.005852266,
          0.9926168,
          -0.12115148,
          0,
          -0.047892895,
          0.12129269,
          0.99146074,
          0,
          0.08642638,
          0.6797595,
          1.6772294,
          1
        ]
      },
      {
        "date" : 765583351.04112,
        "title" : "Untitled",
        "transform" : [
          0.9988354,
          2.7965723e-09,
          0.04824908,
          0,
          0.005852266,
          0.9926168,
          -0.12115148,
          0,
          -0.047892895,
          0.12129269,
          0.99146074,
          0,
          0.07129987,
          0.73161745,
          3.568124,
          1
        ]
      },
      {
        "date" : 765581278.405143,
        "title" : "Untitled",
        "transform" : [
          0.9941904,
          1.5726903e-09,
          0.10763599,
          0,
          0.039923027,
          0.9286697,
          -0.3687529,
          0,
          -0.09995833,
          0.3709077,
          0.92327446,
          0,
          -0.1084339,
          1.6171447,
          3.2626586,
          1
        ]
      },
      {
        "date" : 765575199.236095,
        "title" : "Untitled",
        "transform" : [
          0.979662,
          1.7774511e-09,
          -0.2006549,
          0,
          -0.05726612,
          0.9584097,
          -0.2795917,
          0,
          0.1923096,
          0.28539607,
          0.9389176,
          0,
          0.4973703,
          0.73811984,
          2.4283223,
          1
        ]
      }
    ],
    "5A22C122-48A7-470A-A935-ED0954A016E2" : [
      {
        "date" : 765583464.624038,
        "title" : "Untitled",
        "transform" : [
          0.9967779,
          -1.9103794e-09,
          0.08021227,
          0,
          0.018016148,
          0.97444975,
          -0.22388217,
          0,
          -0.07816282,
          0.2246059,
          0.97130984,
          0,
          -0.53003925,
          0.7686715,
          3.6379793,
          1
        ]
      },
      {
        "date" : 765583454.199265,
        "title" : "Untitled",
        "transform" : [
          0.9963196,
          -1.9103794e-09,
          0.0857169,
          0,
          0.019252522,
          0.97444975,
          -0.22377925,
          0,
          -0.083526805,
          0.2246059,
          0.9708633,
          0,
          -0.17122054,
          0.30483896,
          1.5828071,
          1
        ]
      },
      {
        "date" : 765583451.773979,
        "title" : "Untitled",
        "transform" : [
          0.99631953,
          -1.9361206e-09,
          0.085716896,
          0,
          0.019252522,
          0.97444975,
          -0.22377923,
          0,
          -0.083526805,
          0.22460587,
          0.9708633,
          0,
          -0.42515773,
          0.83396375,
          2.4344053,
          1
        ]
      },
      {
        "date" : 765575168.63198,
        "title" : "Untitled",
        "transform" : [
          0.99631953,
          -1.9361206e-09,
          0.085716896,
          0,
          0.019252522,
          0.97444975,
          -0.22377923,
          0,
          -0.083526805,
          0.22460587,
          0.9708633,
          0,
          -0.21602535,
          0.58089817,
          2.5109437,
          1
        ]
      }
    ],
    "AF09ED6F-1707-48FD-8720-65B998362C09" : [
      {
        "date" : 765528182.285765,
        "title" : "Untitled",
        "transform" : [
          0.9983057,
          -2.7959823e-09,
          -0.05818787,
          0,
          -0.0101625845,
          0.9846304,
          -0.1743554,
          0,
          0.057293545,
          0.17465125,
          0.98296213,
          0,
          0.1481783,
          0.45170063,
          2.542235,
          1
        ]
      }
    ],
    "D1712FDB-2B27-4966-BB4D-1570378D9F95" : [
      {
        "date" : 765583340.074486,
        "title" : "Untitled",
        "transform" : [
          0.99979776,
          -1.6226118e-06,
          0.020104216,
          0,
          -0.0012651602,
          0.9980128,
          0.062998116,
          0,
          -0.020064384,
          -0.06301081,
          0.9978111,
          0,
          0.40789196,
          2.5976224,
          9.742178,
          1
        ]
      },
      {
        "date" : 765583322.094808,
        "title" : "Untitled",
        "transform" : [
          0.99163985,
          -1.6240224e-06,
          -0.12903585,
          0,
          -0.06261766,
          0.87435645,
          -0.48122743,
          0,
          0.112824105,
          0.48528424,
          0.86704665,
          0,
          1.4752415,
          7.436884,
          6.6588635,
          1
        ]
      },
      {
        "date" : 765583317.224651,
        "title" : "Untitled",
        "transform" : [
          0.99984336,
          -1.624345e-06,
          0.017697154,
          0,
          0.0061836834,
          0.9369995,
          -0.34927598,
          0,
          -0.016581662,
          0.34933072,
          0.93685275,
          0,
          0.46505454,
          6.339479,
          7.8370132,
          1
        ]
      },
      {
        "date" : 765583293.605549,
        "title" : "Untitled",
        "transform" : [
          0.9996357,
          -1.6233377e-06,
          -0.026989942,
          0,
          0.005020936,
          0.98255527,
          0.1859029,
          0,
          0.026518803,
          -0.18597071,
          0.9821973,
          0,
          0.87276775,
          1.3739278,
          9.958647,
          1
        ]
      },
      {
        "date" : 765583189.347963,
        "title" : "Untitled",
        "transform" : [
          0.99365306,
          -1.6240992e-06,
          0.11248844,
          0,
          -0.009013677,
          0.99678326,
          0.07963562,
          0,
          -0.11212672,
          -0.080144115,
          0.99045676,
          0,
          -0.49975875,
          2.4300754,
          9.781053,
          1
        ]
      },
      {
        "date" : 765531332.957754,
        "title" : "Untitled",
        "transform" : [
          0.99365306,
          -1.6240992e-06,
          0.11248844,
          0,
          -0.009013678,
          0.9967834,
          0.07963563,
          0,
          -0.11212672,
          -0.080144115,
          0.99045676,
          0,
          0.2158415,
          3.2210767,
          9.926069,
          1
        ]
      },
      {
        "date" : 765531326.441787,
        "title" : "Untitled",
        "transform" : [
          0.9989977,
          -1.6245671e-06,
          -0.0447626,
          0,
          0.0006771794,
          0.99988616,
          0.01507679,
          0,
          0.044757474,
          -0.015091991,
          0.99888384,
          0,
          1.7597971,
          3.8546677,
          9.539047,
          1
        ]
      },
      {
        "date" : 765531314.254577,
        "title" : "Untitled",
        "transform" : [
          0.99899775,
          -1.6245972e-06,
          -0.0447626,
          0,
          0.00067717914,
          0.99988616,
          0.015076789,
          0,
          0.044757478,
          -0.015091982,
          0.99888396,
          0,
          14.587998,
          38.364582,
          110.13953,
          1
        ]
      },
      {
        "date" : 765531310.607917,
        "title" : "Untitled",
        "transform" : [
          0.9993364,
          -1.6243428e-06,
          0.03642505,
          0,
          0.007398087,
          0.9791662,
          -0.20292595,
          0,
          -0.035665844,
          0.20306078,
          0.9785164,
          0,
          6.006462,
          61.551697,
          99.95337,
          1
        ]
      },
      {
        "date" : 765531290.433421,
        "title" : "Untitled",
        "transform" : [
          0.9993364,
          -1.6241099e-06,
          0.03642505,
          0,
          0.0073980866,
          0.9791662,
          -0.20292595,
          0,
          -0.035665844,
          0.20306078,
          0.9785164,
          0,
          60.064575,
          615.5164,
          1001.53394,
          1
        ]
      }
    ]
  },
  "sceneViewportBackgroundColors" : {

  },
  "selectedSceneRelativePath" : "Table.usda"
}