{
  "advancedEditorSelectedIdentifier" : "ProjectBrowser",
  "openSceneRelativePaths" : [
    "Materials\/GridMaterial.usda"
  ],
  "recentIdentifiers" : {
    "39779E7A-D91E-4408-BCE6-435CE5013986" : [

    ],
    "E45352CF-BF56-4D06-ADF4-39045066257A" : [

    ]
  },
  "sceneCameraHistory" : {
    "13792EA9-A7E8-48F7-B7DF-5D1F26104BC4" : [
      {
        "date" : 765595131.554729,
        "title" : "Untitled",
        "transform" : [
          0.91407937,
          1.7509849e-07,
          -0.40553537,
          0,
          -0.11628971,
          0.95800376,
          -0.26211736,
          0,
          0.38850436,
          0.28675565,
          0.8756915,
          0,
          -0.36997956,
          0.7669456,
          0.8267528,
          1
        ]
      },
      {
        "date" : 765595128.753405,
        "title" : "Untitled",
        "transform" : [
          0.6920431,
          -2.2302105e-09,
          -0.7218562,
          0,
          -0.21049373,
          0.9565401,
          -0.20180021,
          0,
          0.6904844,
          0.29160067,
          0.66196704,
          0,
          0.437685,
          0.7799042,
          0.25513387,
          1
        ]
      },
      {
        "date" : 765595125.774548,
        "title" : "Untitled",
        "transform" : [
          0.6934407,
          -2.2302105e-09,
          -0.72051376,
          0,
          -0.2101023,
          0.9565402,
          -0.20220777,
          0,
          0.68920034,
          0.29160067,
          0.66330385,
          0,
          0.936342,
          0.81952965,
          0.32287705,
          1
        ]
      },
      {
        "date" : 765595124.238975,
        "title" : "Untitled",
        "transform" : [
          0.6934407,
          -2.2302105e-09,
          -0.72051376,
          0,
          -0.2101023,
          0.9565402,
          -0.20220777,
          0,
          0.68920034,
          0.29160067,
          0.66330385,
          0,
          1.0419106,
          0.7635857,
          0.23778072,
          1
        ]
      },
      {
        "date" : 765595121.872863,
        "title" : "Untitled",
        "transform" : [
          0.9555776,
          3.5157006e-09,
          -0.2947394,
          0,
          -0.067457505,
          0.9734566,
          -0.21870467,
          0,
          0.286916,
          0.22887167,
          0.93021333,
          0,
          0.80991787,
          0.7032821,
          0.7580284,
          1
        ]
      },
      {
        "date" : 765595088.852976,
        "title" : "Untitled",
        "transform" : [
          -0.1654651,
          -2.0011168e-09,
          -0.98621565,
          0,
          -0.324861,
          0.94418997,
          0.054504465,
          0,
          0.9311748,
          0.32940155,
          -0.15623048,
          0,
          0.7803032,
          0.8035693,
          -0.6859923,
          1
        ]
      },
      {
        "date" : 765595086.753502,
        "title" : "Untitled",
        "transform" : [
          -0.9246298,
          -1.5283987e-08,
          -0.38086703,
          0,
          -0.16071676,
          0.906607,
          0.39017156,
          0,
          0.3452967,
          0.42197597,
          -0.83827585,
          0,
          -0.060160816,
          0.9470682,
          -1.8005168,
          1
        ]
      },
      {
        "date" : 765595081.821864,
        "title" : "Untitled",
        "transform" : [
          -0.92462987,
          -8.859695e-09,
          -0.38086703,
          0,
          -0.16071674,
          0.90660703,
          0.3901716,
          0,
          0.3452967,
          0.421976,
          -0.8382759,
          0,
          1.0255901,
          1.3135513,
          -0.78510076,
          1
        ]
      },
      {
        "date" : 765595075.608031,
        "title" : "Untitled",
        "transform" : [
          1,
          0,
          0,
          0,
          0,
          0.7071069,
          -0.7071067,
          0,
          0,
          0.7071067,
          0.7071069,
          0,
          -0.6531548,
          1.6141489,
          0.6012895,
          1
        ]
      },
      {
        "date" : 765595073.787354,
        "title" : "Untitled",
        "transform" : [
          1,
          0,
          0,
          0,
          0,
          0.7071069,
          -0.7071067,
          0,
          0,
          0.7071067,
          0.7071069,
          0,
          -0.70652324,
          1.6896235,
          0.5258148,
          1
        ]
      }
    ],
    "39779E7A-D91E-4408-BCE6-435CE5013986" : [
      {
        "date" : 765606803.539019,
        "title" : "Untitled",
        "transform" : [
          1,
          0,
          0,
          0,
          0,
          0.8657988,
          -0.5003923,
          0,
          0,
          0.5003923,
          0.8657988,
          0,
          -0.16388337,
          0.78602797,
          0.85305256,
          1
        ]
      },
      {
        "date" : 765606800.324209,
        "title" : "Untitled",
        "transform" : [
          1,
          0,
          0,
          0,
          0,
          0.8657988,
          -0.5003923,
          0,
          0,
          0.5003923,
          0.8657988,
          0,
          0.10082148,
          0.90199584,
          0.78602856,
          1
        ]
      },
      {
        "date" : 765606790.491249,
        "title" : "Untitled",
        "transform" : [
          1,
          0,
          0,
          0,
          0,
          0.8657988,
          -0.5003923,
          0,
          0,
          0.5003923,
          0.8657988,
          0,
          -0.0025143228,
          0.5699039,
          0.97796255,
          1
        ]
      },
      {
        "date" : 765606788.689662,
        "title" : "Untitled",
        "transform" : [
          1,
          0,
          -0,
          0,
          -0,
          0.8657988,
          -0.5003923,
          0,
          0,
          0.5003923,
          0.8657988,
          0,
          7.4556965e-07,
          0.21379016,
          0.36863995,
          1
        ]
      },
      {
        "date" : 765606351.336488,
        "title" : "Untitled",
        "transform" : [
          1,
          0,
          0,
          0,
          0,
          0.7071069,
          -0.70710677,
          0,
          0,
          0.70710677,
          0.7071069,
          0,
          0.00043066218,
          1.3074303,
          1.3082396,
          1
        ]
      },
      {
        "date" : 765606347.203687,
        "title" : "Untitled",
        "transform" : [
          1,
          0,
          0,
          0,
          0,
          0.7071069,
          -0.70710677,
          0,
          0,
          0.70710677,
          0.7071069,
          0,
          0.0012094433,
          0.3646377,
          0.36690974,
          1
        ]
      }
    ],
    "E45352CF-BF56-4D06-ADF4-39045066257A" : [
      {
        "date" : 765595635.739919,
        "title" : "Untitled",
        "transform" : [
          0.9986243,
          0,
          0.05243566,
          0,
          0.037077606,
          0.7071069,
          -0.70613396,
          0,
          -0.037077617,
          0.7071067,
          0.70613414,
          0,
          -0.052190628,
          1.0099087,
          0.99010587,
          1
        ]
      },
      {
        "date" : 765595630.045449,
        "title" : "Untitled",
        "transform" : [
          0.9986243,
          0,
          0.05243566,
          0,
          0.037077606,
          0.7071069,
          -0.70613396,
          0,
          -0.037077617,
          0.7071067,
          0.70613414,
          0,
          -0.02075518,
          0.39581263,
          0.39526853,
          1
        ]
      }
    ]
  },
  "sceneViewportBackgroundColors" : {

  },
  "selectedSceneRelativePath" : "Materials\/GridMaterial.usda"
}